{"bricks":[{"brickname":"plate 1x1 2 pins gold","brickcolor":"#0072C6","mat":[0.9238795325112867,0.1464466094067263,0.35355339059327373,0,-0.38268343236508984,0.3535533905932739,0.853553390593274,0,2.7755575615628914e-17,-0.9238795325112867,0.38268343236508995,0,-134.42069796364285,35.60660171779823,85.96194077712562,1]},{"brickname":"plate 1x1 2 pins gold","brickcolor":"#BBBBBB","mat":[-0.9238795325112854,-0.14644660940672471,-0.35355339059327345,0,-0.35355339059327295,-0.026912649374179642,0.9350271168814619,0,-0.14644660940672494,0.9888524156298215,-0.02691264937417881,0,52.685611880359886,34.45864040174719,163.1905169988354,1.0000000000000002]},{"brickname":"technics brick 1x1","brickcolor":"#555","mat":[0.146446609406725,-0.9888524156298216,0.026912649374178976,0,-0.35355339059327295,-0.026912649374179642,0.9350271168814619,0,-0.9238795325112855,-0.146446609406725,-0.3535533905932731,0,127.163859753386,43.93398282201788,106.0660171779821,1.0000000000000002]},{"brickname":"plate 1x1 2 pins gold","brickcolor":"#BBBBBB","mat":[0.9238795325112867,0.1464466094067263,0.35355339059327373,0,-0.38268343236508984,0.3535533905932739,0.853553390593274,0,2.7755575615628914e-17,-0.9238795325112867,0.38268343236508995,0,-73.19134878522848,-20.9619407771256,-50.606601717798206,1]},{"brickname":"technics pin b","brickcolor":"#888","mat":[-1.3262850137759886e-15,0.9238795325112867,-0.3826834323650899,0,-1,-1.192809898975759e-15,5.860519243003646e-16,0,8.49727915508613e-17,0.3826834323650899,0.9238795325112867,0,-149.99999999999986,-46.19397662556433,19.134171618254527,1]},{"brickname":"technics brick 1x1","brickcolor":"#555","mat":[-1.1102230246251565e-16,0.9238795325112867,-0.38268343236508995,0,-0.38268343236508984,0.3535533905932739,0.853553390593274,0,0.9238795325112867,0.14644660940672638,0.35355339059327373,0,-150,7.105427357601002e-15,3.552713678800501e-14,1]},{"brickname":"plate 1x1 2 pins gold","brickcolor":"#BBBBBB","mat":[-0.9238795325112855,-0.14644660940672521,-0.35355339059327295,0,-0.35355339059327295,-0.026912649374179642,0.9350271168814619,0,-0.1464466094067251,0.9888524156298211,-0.026912649374178976,0,109.25415437528362,38.764664301615994,13.586178297801432,1.0000000000000002]},{"brickname":"system plate 1x3","brickcolor":"#888","mat":[-1.0000000000000013,-2.08080080943418e-15,-3.0531133177191805e-15,0,2.2690183065776637e-15,-0.9238795325112923,0.3826834323650895,0,-1.887379141862766e-15,0.3826834323650887,0.9238795325112883,0,-249.9999999999988,-296.9546123396703,14.763407811096922,0.9999999999999998]},{"brickname":"technics brick 1x2","brickcolor":"#555","mat":[-1.6583956430338276e-15,0.9238795325112916,-0.38268343236509,0,1,2.4121329933457503e-15,3.191891195797325e-15,0,2.4980018054066022e-15,-0.38268343236508795,-0.9238795325112874,0,-349.9999999999991,-203.91007812051296,30.342709847453623,0.999999999999998]},{"brickname":"plate 1x1 2 pins gold","brickcolor":"#BBBBBB","mat":[-9.43689570931383e-16,-0.9238795325112895,0.3826834323650902,0,0.9238795325112866,0.14644660940672524,0.35355339059327445,0,-0.3826834323650907,0.35355339059327423,0.8535533905932754,0,-76.0896373990971,150.29765862923097,-29.118243607301633,1]},{"brickname":"plate 1x1 2 pins gold","brickcolor":"#FFA500","mat":[1.5543122344752192e-15,-0.9238795325112897,0.38268343236509056,0,0.9999999999999991,1.5144135945277526e-15,1.2212453270876722e-15,0,-7.771561172376096e-16,0.38268343236508834,0.9238795325112859,0,-229.9999999999994,-138.58192987669304,57.402514854763275,0.9999999999999976]},{"brickname":"plate hinge 1x2 f","brickcolor":"#555","mat":[1.0000000000000002,2.789435349370706e-15,2.6922908347160046e-15,0,-2.3314683517128287e-15,0.38268343236508795,0.9238795325112894,0,1.7486012637846216e-15,-0.9238795325112926,0.38268343236509106,0,-534.9999999999987,-296.29803137164276,68.61105308396164,0.999999999999998]},{"brickname":"system plate 1x3","brickcolor":"#AAAAAA","mat":[-0.9999999999999998,-2.8102520310824275e-15,-3.608224830031759e-15,0,2.7824964554667986e-15,-0.9238795325112946,0.3826834323650915,0,-2.7200464103316335e-15,0.3826834323650877,0.9238795325112875,0,-249.9999999999995,-149.1338871378639,-46.46594136731758,0.9999999999999998]},{"brickname":"technics brick 1x1","brickcolor":"#888","mat":[1.5543122344752192e-15,-0.9238795325112897,0.38268343236509056,0,0.9999999999999991,1.5144135945277526e-15,1.2212453270876722e-15,0,-7.771561172376096e-16,0.38268343236508834,0.9238795325112859,0,-149.9999999999995,-92.38795325112845,38.268343236508905,0.9999999999999976]},{"brickname":"technics pin b","brickcolor":"#888","mat":[-1.0503968668831635e-16,0.9238795325112867,-0.3826834323650899,0,-1,-6.452633710440682e-17,1.1870157077062732e-16,0,8.49727915508613e-17,0.3826834323650899,0.9238795325112867,0,-150,46.193976625564346,-19.134171618254463,1]},{"brickname":"plate 1x1 2 pins gold","brickcolor":"#BBBBBB","mat":[1.0269562977782698e-15,0.9238795325112876,-0.3826834323650899,0,0.9238795325112866,0.14644660940672524,0.35355339059327445,0,0.38268343236508984,-0.35355339059327373,-0.8535533905932734,0,-223.910362600903,126.86620112415501,-85.68678610222545,1]},{"brickname":"technics brick 1x2","brickcolor":"#555","mat":[-0.3535533905932737,-0.9095960817392695,0.21825436555672656,0,-0.8535533905932724,0.21825436555672548,-0.4730873506258209,0,0.3826834323650893,-0.35355339059327423,-0.8535533905932727,0,-301.57650650040046,210.749110083939,-213.83182612784591,1]},{"brickname":"plate hinge 1x2 f","brickcolor":"#555","mat":[0.02691264937418006,-0.24311841147918417,-0.9696231986207344,0,-0.9350271168814684,0.3369397662556454,-0.11043497911409388,0,0.3535533905932766,0.9095960817392789,-0.21825436555672934,0,-524.7156667861894,339.0602743614013,-498.7300194097217,0.9999999999999989]},{"brickname":"technics brick 1x1","brickcolor":"#555","mat":[0.9238795325112867,0.1464466094067263,0.35355339059327373,0,-0.38268343236508984,0.3535533905932739,0.853553390593274,0,2.7755575615628914e-17,-0.9238795325112867,0.38268343236508995,0,-57.61204674887133,14.644660940672622,35.355339059327385,1]},{"brickname":"plate 1x1 2 pins gold","brickcolor":"#BBBBBB","mat":[1.0000000000000002,2.789435349370706e-15,2.6922908347160046e-15,0,-2.3314683517128287e-15,0.38268343236508795,0.9238795325112894,0,1.7486012637846216e-15,-0.9238795325112926,0.38268343236509106,0,-499.9999999999985,-96.2147875747803,29.02954791139521,0.999999999999998]},{"brickname":"technics pin b","brickcolor":"#888","mat":[0.9238795325112867,0.14644660940672627,0.3535533905932738,0,-0.1464466094067263,0.9888524156298231,-0.026912649374179698,0,-0.35355339059327384,-0.026912649374179587,0.9350271168814639,0,-11.41807012330699,21.966991411008937,53.03300858899107,1]},{"brickname":"system plate 1x3","brickcolor":"#AAAAAA","mat":[-0.3535533905932727,-0.9095960817392678,0.21825436555672648,0,-0.38268343236509006,0.3535533905932745,0.8535533905932706,0,-0.8535533905932725,0.21825436555672428,-0.4730873506258215,0,-417.5465201489355,260.85881788707366,-192.8562899429665,0.9999999999999991]},{"brickname":"plate 1x1 2 pins gold","brickcolor":"#573B21","mat":[1.0000000000000002,2.789435349370706e-15,2.6922908347160046e-15,0,-2.3314683517128287e-15,0.38268343236508795,0.9238795325112894,0,1.7486012637846216e-15,-0.9238795325112926,0.38268343236509106,0,-499.99999999999864,-280.99069407703956,105.56623438441359,0.999999999999998]},{"brickname":"technics brick 1x1","brickcolor":"#FFA500","mat":[1.0269562977782698e-15,0.9238795325112876,-0.3826834323650899,0,0.9238795325112866,0.14644660940672524,0.35355339059327445,0,0.38268343236508984,-0.35355339059327373,-0.8535533905932734,0,-150.00000000000006,92.38795325112866,-38.26834323650902,1]},{"brickname":"plate 1x1 2 pins gold","brickcolor":"#BBBBBB","mat":[0.8535533905932723,-0.21825436555672392,0.47308735062582136,0,-0.38268343236509017,0.3535533905932746,0.853553390593271,0,-0.35355339059327295,-0.9095960817392683,0.21825436555672667,0,-480.27219144332275,166.6697923672521,-228.82735654231578,0.9999999999999991]},{"brickname":"technics pin b","brickcolor":"#888","mat":[-0.14644660940672524,0.9888524156298215,-0.026912649374178865,0,-0.9238795325112856,-0.146446609406725,-0.35355339059327306,0,-0.3535533905932727,-0.026912649374179975,0.9350271168814617,0,119.84152928304962,93.3766036035088,104.72038470927313,1.0000000000000002]},{"brickname":"plate 1x1 2 pins gold","brickcolor":"#BBBBBB","mat":[0.8535533905932723,-0.21825436555672392,0.47308735062582136,0,-0.38268343236509017,0.3535533905932746,0.853553390593271,0,-0.35355339059327295,-0.9095960817392683,0.21825436555672667,0,-409.56151332466857,348.5890087151057,-272.47822965366106,0.9999999999999991]},{"brickname":"technics pin b","brickcolor":"#222","mat":[0.3826834323650904,-0.353553390593274,-0.8535533905932753,0,9.71445146547012e-16,0.9238795325112892,-0.38268343236509017,0,0.9238795325112868,0.146446609406725,0.3535533905932741,0,-130.86582838174547,167.0982369725936,-119.21435600268191,1]},{"brickname":"technics brick 1x1","brickcolor":"#555","mat":[-0.9238795325112854,-0.14644660940672471,-0.35355339059327345,0,-0.35355339059327295,-0.026912649374179642,0.9350271168814619,0,-0.14644660940672494,0.9888524156298215,-0.02691264937417881,0,34.77590650225745,29.289321881345362,70.71067811865481,1.0000000000000002]},{"brickname":"system plate 1x3","brickcolor":"#FFFFFF","mat":[1.915134717478395e-15,-0.9238795325112926,0.3826834323650906,0,-1.6930901125533637e-15,0.3826834323650873,0.9238795325112876,0,-0.9999999999999997,-2.9047944605231635e-15,-2.9698465908722937e-15,0,-449.99999999999875,-173.2954035313061,104.25307244835608,0.9999999999999971]},{"brickname":"plate 1x1 2 pins gold","brickcolor":"#BBBBBB","mat":[-0.7071067811865439,-0.2705980500730986,-0.6532814824381907,0,-0.7071067811865471,0.2705980500730929,0.6532814824381845,0,-2.8380076066980564e-15,0.9238795325112881,-0.38268343236508906,0,-734.8528137423828,-348.8325147084522,-58.218409080026106,0.9999999999999978]},{"brickname":"technics brick 1x2","brickcolor":"#555","mat":[-0.35749465684427584,-0.23869318965724623,-0.9028970769357052,0,0.03117864522353723,-0.969298469022377,0.24390237807964393,0,-0.9333945909473751,0.05904268931993165,0.3539611538404328,0,-549.2830362515232,81.88207201366984,-728.856956652993,1.0000000000000013]},{"brickname":"plate 1x1 2 pins gold","brickcolor":"#BBBBBB","mat":[0.02691264937418006,-0.24311841147918417,-0.9696231986207344,0,-0.9350271168814684,0.3369397662556454,-0.11043497911409388,0,0.3535533905932766,0.9095960817392789,-0.21825436555672934,0,-486.37263938283525,317.0735393094043,-528.2494321968835,0.9999999999999989]},{"brickname":"technics pin b","brickcolor":"#888","mat":[-0.8535533905932736,0.21825436555672528,-0.47308735062582097,0,-0.3826834323650887,0.3535533905932745,0.853553390593273,0,0.3535533905932731,0.9095960817392693,-0.21825436555672703,0,-344.2541760300642,221.66182836177526,-237.48619365913706,1]},{"brickname":"technics brick 1x1","brickcolor":"#666","mat":[-4.440892098500626e-16,0.3826834323650885,0.9238795325112859,0,0.9999999999999981,1.2212453270876722e-15,1.3877787807814457e-15,0,-1.6653345369377348e-15,0.9238795325112897,-0.3826834323650906,0,-149.99999999999892,-184.77590650225727,76.536686473018,0.9999999999999976]},{"brickname":"plate 1x1 2 pins gold","brickcolor":"#222","mat":[-0.7071067811865441,-0.270598050073098,-0.6532814824381908,0,-0.6532814824381885,-0.10355339059327859,0.7499999999999982,0,-0.270598050073101,0.9571067811865481,-0.1035533905932733,0,-956.8209598222118,-308.02452071648133,-141.01178950664732,1.0000000000000004]},{"brickname":"system plate 1x3","brickcolor":"#0072C6","mat":[0.7071067811865432,0.2705980500730985,0.6532814824381908,0,-0.7071067811865472,0.2705980500730934,0.6532814824381854,0,3.4763858458575214e-15,-0.9238795325112894,0.38268343236508917,0,-756.0660171779805,-313.65476819894957,26.708183636938358,0.9999999999999978]},{"brickname":"technics pin b","brickcolor":"#222","mat":[-1.0000000000000007,-2.2603446891977796e-15,-3.635980405647388e-15,0,3.164135620181696e-15,-0.38268343236508834,-0.9238795325112874,0,1.7277845820728999e-15,-0.9238795325112921,0.38268343236509084,0,-399.99999999999886,-203.9100781205131,30.342709847453296,0.999999999999998]},{"brickname":"plate 1x1 2 pins gold","brickcolor":"#BBBBBB","mat":[0.026912649374179615,-0.24311841147918292,-0.9696231986207309,0,-0.9991514406663707,-0.03679559689309682,-0.018506287136907995,0,-0.031178645223537714,0.969298469022379,-0.2439023780796453,0,-633.6786484958927,188.0241917384176,-706.2465375008699,0.9999999999999971]},{"brickname":"technics brick 1x1","brickcolor":"#555","mat":[0.3826834323650904,-0.353553390593274,-0.8535533905932753,0,0.9238795325112866,0.14644660940672524,0.35355339059327445,0,-9.159339953157541e-16,-0.9238795325112891,0.3826834323650902,0,-149.99999999999994,184.77590650225733,-76.53668647301814,1]},{"brickname":"plate 1x1 2 pins gold","brickcolor":"#222","mat":[0.707106781186544,0.27059805007309845,0.6532814824381903,0,-0.6532814824381886,-0.10355339059327852,0.7499999999999987,0,0.2705980500731016,-0.9571067811865478,0.10355339059327391,0,-852.2959226321052,-291.45597822155787,-261.01178950664826,1.0000000000000058]},{"brickname":"technics pin b","brickcolor":"#888","mat":[-0.02691264937417981,0.24311841147918387,0.969623198620735,0,0.35355339059327456,0.9095960817392762,-0.21825436555672875,0,-0.9350271168814652,0.33693976625564354,-0.11043497911409327,0,-556.437798180001,215.2796806377831,-607.8037146678465,0.9999999999999971]},{"brickname":"technics brick 1x1","brickcolor":"#555","mat":[1.887379141862766e-15,-0.3826834323650887,-0.9238795325112883,0,2.1441182163073336e-15,-0.9238795325112912,0.3826834323650898,0,-1.0000000000000004,-2.6662699825763525e-15,-2.192690473634684e-15,0,-149.9999999999991,-223.04424973876658,-15.851266778110492,0.9999999999999998]},{"brickname":"plate 1x1 2 pins gold","brickcolor":"#BBBBBB","mat":[0.026912649374179615,-0.24311841147918292,-0.9696231986207309,0,-0.9991514406663707,-0.03679559689309682,-0.018506287136907995,0,-0.031178645223537714,0.969298469022379,-0.2439023780796453,0,-473.8144179892737,193.91148724131327,-703.2855315589641,0.9999999999999971]},{"brickname":"system plate 1x3","brickcolor":"#AAAAAA","mat":[-0.026912649374179906,0.2431184114791829,0.9696231986207341,0,-0.9350271168814639,0.33693976625564276,-0.1104349791140936,0,-0.3535533905932748,-0.9095960817392759,0.21825436555672809,0,-633.231119320714,174.2654248359597,-444.9521974836278,0.9999999999999971]},{"brickname":"plate 1x1 2 pins gold","brickcolor":"#BBBBBB","mat":[0.3535533905932719,0.9095960817392673,-0.21825436555672598,0,-0.38268343236508967,0.3535533905932746,0.8535533905932703,0,0.8535533905932723,-0.21825436555672365,0.4730873506258213,0,-450.53152697320166,229.52114942384097,-147.8014360413994,0.9999999999999973]},{"brickname":"technics pin b","brickcolor":"#222","mat":[-0.7071067811865437,-0.27059805007309845,-0.6532814824381904,0,3.4555691641457997e-15,-0.9238795325112884,0.382683432365089,0,-0.7071067811865487,0.2705980500730943,0.6532814824381865,0,-833.8477631085029,-272.6804444617089,-135.6836412628286,1.0000000000000004]},{"brickname":"plate 1x1 2 pins gold","brickcolor":"#573B21","mat":[1.915134717478395e-15,-0.9238795325112926,0.3826834323650906,0,-1.6930901125533637e-15,0.3826834323650873,0.9238795325112876,0,-0.9999999999999997,-2.9047944605231635e-15,-2.9698465908722937e-15,0,-449.9999999999991,-111.79408961113802,122.07408213055314,0.9999999999999971]},{"brickname":"technics brick 1x1","brickcolor":"#555","mat":[0.3826834323650897,-0.35355339059327473,-0.8535533905932733,0,0.3535533905932739,0.90959608173927,-0.2182543655567266,0,0.8535533905932732,-0.21825436555672548,0.47308735062582047,0,-111.73165676349105,149.42056744292984,-161.89202553234543,1]},{"brickname":"technics pin b","brickcolor":"#222","mat":[4.996003610813204e-16,0.38268343236508984,0.9238795325112852,0,0.7071067811865452,0.6532814824381907,-0.270598050073099,0,-0.7071067811865474,0.6532814824381893,-0.2705980500731008,0,-149.99999999999915,-203.91007812051203,30.342709847453435,0.9999999999999973]},{"brickname":"plate 1x1 2 pins gold","brickcolor":"#BBBBBB","mat":[0.026912649374180503,-0.24311841147918342,-0.9696231986207335,0,-0.9350271168814631,0.3369397662556423,-0.11043497911409317,0,0.35355339059327545,0.9095960817392764,-0.21825436555672853,0,-671.9778364646813,199.89893606014363,-400.8884367171547,0.9999999999999971]},{"brickname":"technics brick 1x1","brickcolor":"#FFA500","mat":[-1.0000000000000004,-2.5604518505417673e-15,-2.4147350785597155e-15,0,-1.9984014443252818e-15,0.38268343236508795,0.923879532511288,0,-1.7694179454963432e-15,0.9238795325112926,-0.3826834323650911,0,-449.999999999999,-203.910078120513,30.342709847453232,0.999999999999998]},{"brickname":"plate 1x1 2 pins gold","brickcolor":"#BBBBBB","mat":[-0.7255368759996778,0.14589226130731392,0.6725412178114178,0,0.6874766422553232,0.197929093469148,0.6987130600696029,0,-0.03117864522353861,0.9692984690223848,-0.24390237807964416,0,-850.9215746772273,85.20205473452836,-677.1037296315183,1.000000000000004]},{"brickname":"technics pin b","brickcolor":"#888","mat":[0.031178645223537662,-0.9692984690223748,0.24390237807964465,0,-0.4072227486891875,0.21053105902730102,0.8887329779719317,0,-0.9127965408742738,-0.1270320870320689,-0.3881563136575632,0,-550.8419685126971,130.3469954647879,-741.0520755569725,0.9999999999999971]},{"brickname":"system plate 1x3","brickcolor":"#AAAAAA","mat":[3.2751579226442118e-15,-0.9238795325112887,0.38268343236508934,0,-0.7071067811865486,0.27059805007309445,0.653281482438187,0,-0.7071067811865439,-0.2705980500730986,-0.6532814824381907,0,-855.0609665440985,-237.50269795220674,-50.75704854586384,1.0000000000000004]},{"brickname":"plate 1x1 2 pins gold","brickcolor":"#0072C6","mat":[-1.915134717478395e-15,0.9238795325112912,-0.3826834323650903,0,0.9999999999999993,1.3739009929736312e-15,1.3322676295501878e-15,0,4.996003610813204e-16,-0.3826834323650888,-0.9238795325112867,0,-69.99999999999969,-138.58192987669344,57.40251485476401,1.0000000000000002]},{"brickname":"technics brick 1x1","brickcolor":"#555","mat":[-0.8535533905932727,0.21825436555672467,-0.4730873506258212,0,-0.3826834323650903,0.35355339059327506,0.8535533905932716,0,0.35355339059327284,0.9095960817392688,-0.21825436555672661,0,-386.9318455597288,232.57454663961167,-261.14056119042846,1]},{"brickname":"technics pin b","brickcolor":"#222","mat":[-0.270598050073102,0.9571067811865466,-0.10355339059327524,0,-0.7071067811865432,-0.27059805007309906,-0.6532814824381894,0,-0.6532814824381874,-0.10355339059327887,0.7499999999999989,0,-926.3838777828305,-361.12549103200183,-228.49819409889358,1.0000000000000049]},{"brickname":"plate 1x1 2 pins gold","brickcolor":"#0072C6","mat":[-0.7071067811865437,-0.27059805007309884,-0.6532814824381915,0,-0.7071067811865496,0.2705980500730944,0.6532814824381883,0,-2.976785484776201e-15,0.9238795325112895,-0.3826834323650896,0,-748.9949493661201,-104.52503719011258,8.966830583356568,1.0000000000000022]},{"brickname":"plate 1x1 2 pins gold","brickcolor":"#BBBBBB","mat":[0.02691264937418178,-0.2431184114791835,-0.9696231986207309,0,-0.9350271168814656,0.33693976625564387,-0.1104349791140937,0,0.3535533905932736,0.909596081739272,-0.21825436555672767,0,-557.0833175014884,135.1543229615491,-484.59855908553595,0.999999999999998]},{"brickname":"technics brick 1x1","brickcolor":"#555","mat":[0.7071067811865437,0.27059805007309845,0.6532814824381904,0,-0.7071067811865479,0.27059805007309395,0.6532814824381865,0,3.4555691641457997e-15,-0.9238795325112884,0.382683432365089,0,-798.4924240491754,-259.15054195805396,-103.01956714091867,1.0000000000000004]},{"brickname":"plate 1x1 2 pins gold","brickcolor":"#BBBBBB","mat":[-1.0000000000000013,-2.4754504002189037e-15,-3.2751579226442118e-15,0,-1.942890293094024e-15,0.3826834323650883,0.9238795325112908,0,-1.6445178552260131e-15,0.9238795325112933,-0.3826834323650911,0,-500.00000000000045,-311.6053686662464,31.655871783510545,0.9999999999999998]},{"brickname":"system plate 1x3","brickcolor":"#AAAAAA","mat":[-0.35355339059327495,-0.9095960817392772,0.21825436555672725,0,-0.9350271168814648,0.33693976625564354,-0.11043497911409338,0,0.026912649374181183,-0.24311841147918326,-0.9696231986207345,0,-632.5855999992274,254.3907825121941,-568.1573530659372,0.9999999999999971]},{"brickname":"technics brick 1x1","brickcolor":"#555","mat":[-0.02691264937418056,0.24311841147918326,0.9696231986207344,0,-0.9350271168814648,0.33693976625564354,-0.11043497911409338,0,-0.35355339059327495,-0.9095960817392773,0.21825436555672792,0,-557.7834306487104,227.4356012117425,-559.3225547368091,0.9999999999999971]},{"brickname":"technics brick 1x1","brickcolor":"#555","mat":[0.026912649374179615,-0.24311841147918292,-0.9696231986207309,0,-0.9991514406663707,-0.03679559689309682,-0.018506287136907995,0,-0.031178645223537714,0.969298469022379,-0.2439023780796453,0,-555.0921657112924,203.12376006382445,-656.2848745988811,0.9999999999999971]},{"brickname":"system plate 1x3","brickcolor":"#AAAAAA","mat":[0.02691264937418017,-0.24311841147918306,-0.969623198620735,0,-0.9350271168814648,0.33693976625564354,-0.11043497911409338,0,0.353553390593275,0.909596081739278,-0.21825436555672728,0,-562.5204412020595,356.1846411838143,-488.60307059497256,0.9999999999999971]},{"brickname":"plate hinge 1x2 f","brickcolor":"#555","mat":[-0.7255368759996778,0.14589226130731392,0.6725412178114178,0,0.6874766422553232,0.197929093469148,0.6987130600696029,0,-0.03117864522353861,0.9692984690223848,-0.24390237807964416,0,-798.0287183270258,88.01298932753872,-672.6941498521342,1.000000000000004]},{"brickname":"technics brick 1x1","brickcolor":"#555","mat":[-0.7071067811865441,-0.270598050073098,-0.6532814824381908,0,-0.6532814824381885,-0.10355339059327859,0.7499999999999982,0,-0.270598050073101,0.9571067811865481,-0.1035533905932733,0,-869.2031021678303,-286.2103469653642,-168.34771538473814,1.0000000000000004]},{"brickname":"plate hinge 1x2 f","brickcolor":"#555","mat":[0.02691264937418178,-0.2431184114791835,-0.9696231986207309,0,-0.9350271168814656,0.33693976625564387,-0.1104349791140937,0,0.3535533905932736,0.909596081739272,-0.21825436555672767,0,-595.4263449048434,157.14105801354626,-455.07914629837364,0.999999999999998]},{"brickname":"plate hinge 1x2","brickcolor":"#aaa","mat":[0.7071067811865432,0.2705980500730985,0.6532814824381908,0,-0.7071067811865472,0.2705980500730934,0.6532814824381854,0,3.4763858458575214e-15,-0.9238795325112894,0.38268343236508917,0,-738.3883476483172,-328.53766095296953,-9.222297897161596,0.9999999999999978]},{"brickname":"plate 1x1","brickcolor":"#C91A09","mat":[0.8535533905932723,-0.21825436555672392,0.47308735062582136,0,-0.38268343236509017,0.3535533905932746,0.853553390593271,0,-0.35355339059327295,-0.9095960817392683,0.21825436555672667,0,-538.2571982675901,191.72464626881907,-218.33958844987595,0.9999999999999991]},{"brickname":"plate hinge 1x2 f","brickcolor":"#555","mat":[-0.7071067811865468,-0.2705980500730991,-0.6532814824381924,0,-0.7071067811865492,0.27059805007309384,0.6532814824381896,0,-2.9906632725840154e-15,0.923879532511296,-0.3826834323650914,0,-738.3883476483171,-143.76175445071212,-85.75898437018013,0.999999999999998]},{"brickname":"plate hinge 1x2","brickcolor":"#aaa","mat":[-0.9999999999999991,-3.656797087359109e-15,-2.0816681711721685e-15,0,-1.6653345369377348e-15,0.3826834323650869,0.9238795325112887,0,-2.581268532253489e-15,0.923879532511294,-0.38268343236509095,0,-534.9999999999986,-111.52212486938456,-7.925633389056646,0.999999999999998]},{"brickname":"plate 1x1","brickcolor":"#C91A09","mat":[-0.8535533905932772,0.21825436555672623,-0.47308735062582397,0,-0.3826834323650906,0.3535533905932753,0.8535533905932726,0,0.3535533905932763,0.9095960817392753,-0.21825436555672773,0,-336.26916920580044,309.39201918980973,-317.1081333698331,1.0000000000000044]},{"brickname":"system plate 1x3","brickcolor":"#AAAAAA","mat":[-0.7071067811865437,-0.27059805007309884,-0.6532814824381915,0,-0.7071067811865496,0.2705980500730944,0.6532814824381883,0,-2.976785484776201e-15,0.9238795325112895,-0.3826834323650896,0,-756.0660171779855,-128.87886169669127,-49.828502836080176,1.0000000000000022]},{"brickname":"technics brick 1x1","brickcolor":"#888","mat":[-0.2705980500731012,0.9571067811865475,-0.10355339059327452,0,-0.6532814824381878,-0.10355339059327894,0.7499999999999984,0,0.7071067811865436,0.2705980500730979,0.6532814824381894,0,-939.9137802864863,-313.27015197267485,-233.67586362855712,1.0000000000000049]},{"brickname":"technics brick 1x1","brickcolor":"#555","mat":[0.031178645223537433,-0.9692984690223775,0.2439023780796453,0,-0.9991514406663707,-0.03679559689309737,-0.01850628713690773,0,0.02691264937417967,-0.24311841147918262,-0.9696231986207305,0,-552.4009007738747,178.81191891590655,-753.2471944609529,0.9999999999999971]},{"brickname":"plate hinge 1x2","brickcolor":"#aaa","mat":[-0.8535533905932772,0.21825436555672623,-0.47308735062582397,0,-0.3826834323650906,0.3535533905932753,0.8535533905932726,0,0.3535533905932763,0.9095960817392753,-0.21825436555672773,0,-424.1285447008326,342.0857758858623,-323.1784225492972,1.0000000000000044]},{"brickname":"technics brick 1x1","brickcolor":"#555","mat":[-0.9238795325112854,-0.14644660940672471,-0.35355339059327345,0,-0.35355339059327295,-0.026912649374179642,0.9350271168814619,0,-0.14644660940672494,0.9888524156298215,-0.02691264937417881,0,70.59531725846232,39.62795892214905,255.67035587901603,1.0000000000000002]},{"brickname":"system plate 1x3","brickcolor":"#AAAAAA","mat":[1.915134717478395e-15,-0.9238795325112926,0.3826834323650906,0,-1.6930901125533637e-15,0.3826834323650873,0.9238795325112876,0,-0.9999999999999997,-2.9047944605231635e-15,-2.9698465908722937e-15,0,-449.99999999999886,-234.52475270971976,-43.56765275344982,0.9999999999999971]},{"brickname":"plate hinge 1x2","brickcolor":"#aaa","mat":[-0.8535533905932742,0.21825436555672462,-0.4730873506258224,0,-0.3826834323650906,0.35355339059327506,0.8535533905932713,0,0.35355339059327373,0.9095960817392705,-0.2182543655567272,0,-494.83922281948503,160.1665595380059,-279.52754943795054,1.0000000000000009]},{"brickname":"plate 1x1","brickcolor":"#C91A09","mat":[1.0000000000000002,2.789435349370706e-15,2.6922908347160046e-15,0,-2.3314683517128287e-15,0.38268343236508795,0.9238795325112894,0,1.7486012637846216e-15,-0.9238795325112926,0.38268343236509106,0,-549.999999999999,-80.90745028017699,65.98472921184654,0.999999999999998]},{"brickname":"technics brick 1x1","brickcolor":"#555","mat":[-0.14644660940672416,0.9888524156298217,-0.02691264937417842,0,-0.35355339059327273,-0.02691264937418003,0.9350271168814617,0,0.923879532511286,0.14644660940672383,0.3535533905932731,0,112.5191988127133,142.81922438499984,103.37475224056419,1.0000000000000002]},{"brickname":"plate 1x1","brickcolor":"#C91A09","mat":[1.0000000000000002,2.789435349370706e-15,2.6922908347160046e-15,0,-2.3314683517128287e-15,0.38268343236508795,0.9238795325112894,0,1.7486012637846216e-15,-0.9238795325112926,0.38268343236509106,0,-549.9999999999987,-65.6001129855733,102.93991051229838,0.999999999999998]},{"brickname":"system plate 1x3","brickcolor":"#AAAAAA","mat":[-0.3535533905932727,-0.9095960817392678,0.21825436555672648,0,-0.38268343236509006,0.3535533905932745,0.8535533905932706,0,-0.8535533905932725,0.21825436555672428,-0.4730873506258215,0,-356.31717097052126,204.29027539214985,-329.42483243788985,0.9999999999999991]},{"brickname":"plate hinge 1x2","brickcolor":"#aaa","mat":[-0.9333945909473774,0.05904268931993116,0.35396115384043403,0,0.35749465684427717,0.23869318965724678,0.9028970769357072,0,-0.031178645223538623,0.9692984690223838,-0.2439023780796446,0,-610.5514194822256,64.85311096728645,-788.7000824234356,1.000000000000004]},{"brickname":"plate 1x1","brickcolor":"#C91A09","mat":[0.8535533905932723,-0.21825436555672392,0.47308735062582136,0,-0.38268343236509017,0.3535533905932746,0.853553390593271,0,-0.35355339059327295,-0.9095960817392683,0.21825436555672667,0,-553.5645355621938,205.8667818925503,-184.19745282614522,0.9999999999999991]},{"brickname":"plate 1x1","brickcolor":"#C91A09","mat":[0.9999999999999997,2.7408630920433552e-15,3.0808688933348094e-15,0,2.095545958979983e-15,-0.923879532511292,0.3826834323650903,0,2.4980018054066022e-15,-0.38268343236508795,-0.9238795325112874,0,-349.9999999999991,-258.6862691031621,107.15136106222515,0.999999999999998]},{"brickname":"plate 1x1","brickcolor":"#C91A09","mat":[-0.8535533905932725,0.21825436555672528,-0.47308735062582086,0,0.3535533905932735,0.9095960817392695,-0.21825436555672667,0,0.3826834323650893,-0.35355339059327423,-0.8535533905932727,0,-292.426406871193,301.1944661527443,-188.6145058427204,1]},{"brickname":"system plate 1x3","brickcolor":"#AAAAAA","mat":[-3.4555691641457997e-15,0.9238795325112884,-0.382683432365089,0,-0.707106781186549,0.270598050073094,0.6532814824381866,0,0.7071067811865437,0.27059805007309845,0.6532814824381904,0,-741.9238815542517,-280.79838596390186,-155.2820857359735,1.0000000000000013]},{"brickname":"system plate 1x3","brickcolor":"#AAAAAA","mat":[-0.8535533905932727,0.21825436555672545,-0.47308735062582113,0,0.35355339059327323,0.9095960817392693,-0.21825436555672642,0,0.3826834323650893,-0.35355339059327423,-0.8535533905932727,0,-168.80272457535682,244.01369053774414,-226.66110983946564,1]},{"brickname":"system plate 1x3","brickcolor":"#AAAAAA","mat":[0.026912649374180503,-0.24311841147918342,-0.9696231986207335,0,-0.9350271168814631,0.3369397662556423,-0.11043497911409317,0,0.35355339059327545,0.9095960817392764,-0.21825436555672853,0,-708.0332886712304,201.22060613641014,-453.78699581275475,0.9999999999999971]},{"brickname":"system plate 1x3","brickcolor":"#AAAAAA","mat":[-0.8535533905932724,0.218254365556724,-0.47308735062582125,0,-0.38268343236508984,0.35355339059327506,0.8535533905932708,0,0.35355339059327184,0.9095960817392684,-0.21825436555672614,0,-483.51653379746864,198.1834809606088,-102.7465821398322,0.9999999999999982]},{"brickname":"system plate 1x3","brickcolor":"#888","mat":[0.9999999999999984,3.0513785942432037e-15,2.3869795029440866e-15,0,-1.6930901125533637e-15,0.382683432365087,0.9238795325112867,0,2.5049406993105094e-15,-0.9238795325112915,0.38268343236509,0,-449.9999999999994,-50.29277569096995,139.89509181275,0.9999999999999971]},{"brickname":"system plate 1x3","brickcolor":"#573B21","mat":[-0.7071067811865437,-0.27059805007309884,-0.6532814824381915,0,-0.7071067811865496,0.2705980500730944,0.6532814824381883,0,-2.976785484776201e-15,0.9238795325112895,-0.3826834323650896,0,-812.6345596729097,-107.2310176908438,2.434015758974951,1.0000000000000022]},{"brickname":"system plate 1x3","brickcolor":"#AAAAAA","mat":[0.8535533905932724,-0.21825436555672578,0.4730873506258213,0,0.3535533905932736,0.90959608173927,-0.21825436555672711,0,-0.38268343236508984,0.3535533905932745,0.853553390593273,0,-225.3712670702805,98.47831745946127,-191.74041135038902,1]},{"brickname":"system plate 1x3","brickcolor":"#AAAAAA","mat":[-0.35355339059327656,-0.9095960817392789,0.21825436555672986,0,-0.9350271168814689,0.33693976625564587,-0.11043497911409414,0,0.02691264937418006,-0.24311841147918417,-0.9696231986207346,0,-482.9812612981949,200.48041991129145,-550.4877564076838,0.9999999999999989]}],"timestamp":1685221912757}